20190001 유재석 0 0 0 1 0 1 0 0 1 0 0 0 0 0 0 70 89
20190002 강호동 0 1 0 0 1 1 0 0 0 0 0 0 0 0 0 40 68
20190003 김태희 0 1 0 0 1 1 0 1 0 0 1 0 0 1 0 45 88
20190004 한효주 1 1 0 0 0 0 0 0 0 0 0 0 0 0 1 98 90
20190005 이광수 0 0 0 0 0 0 0 0 0 0 0 0 0 0 0 49 50
20190006 송강호 0 1 0 0 0 0 1 0 0 0 0 1 0 0 0 90 80
20190007 강동원 0 1 0 0 0 0 0 0 0 0 0 0 0 0 0 82 84
20190008 이지은 0 0 0 0 0 0 0 0 0 0 0 0 0 0 1 70 80
20190009 이수근 0 0 0 1 0 0 0 0 0 0 1 0 0 0 0 50 55
20190010 김병만 0 0 0 1 1 0 0 0 0 0 0 0 0 0 1 60 33
20190011 은지원 0 0 0 0 1 1 1 1 1 1 1 1 0 1 1 76 63
20190012 서현진 0 0 0 0 0 1 1 1 0 0 0 0 0 0 0 98 84
20190013 안재현 0 0 0 0 1 0 1 0 1 0 0 0 0 0 0 70 70
20190014 박보영 1 0 0 0 0 0 1 0 0 0 1 0 0 0 0 84 89
20190015 김하늘 0 0 1 0 1 0 0 0 0 0 0 0 0 0 1 89 92
